2205.14310
1906.01154
2401.04088
2307.02973
1706.03762
2310.06825
2310.03214
2311.09517
2305.14625
2107.07511
2306.09335
2009.14193
2101.02703
2106.08460
1903.04684
1706.04599
2107.08353
1211.0025
1606.04080
1703.05175
2401.01814
2401.02385
2401.02994
2401.02412
2312.04724
2311.04287
2312.17482
1604.08633
2401.03205
2202.05262
2211.11031
2301.04213
2311.12436
2312.07930
2401.02718
2311.08598
2212.10511
2310.11511
2304.11158
2311.09060
2310.17688
2207.13243
2109.13916
2308.13387
2308.12539
2109.07958
2306.11698
2308.01263
2311.13028
2207.10062
cs/9301115